spawns:
  default:
    world: 78d6f8be-f3ad-4d8b-a07a-34f1b41ce92c
    world-name: world
    x: 5.077422295795425
    y: 80.0
    z: -3.787455403216232
    yaw: -178.8465118408203
    pitch: 62.38347625732422
