spawns:
  default:
    world: 332c21e2-3bb7-491a-aa15-9a4107cbc3ab
    world-name: world
    x: 63.55053680485994
    y: 122.0
    z: -97.5907241553987
    yaw: -70.68740844726562
    pitch: 25.229097366333008
  doggycursed:
    world: 332c21e2-3bb7-491a-aa15-9a4107cbc3ab
    world-name: world
    x: 62.44983442283424
    y: 122.0
    z: -97.32032611413983
    yaw: 3.1140177249908447
    pitch: 42.356014251708984
